h
0 0 73.93788183141571 109.33620739432779 500 500 73.93788183141571 109.33620739432779
h
0 0 247.5713500530704 408.61048911399905 500 500 247.5713500530704 408.61048911399905
h
0 0 434.2441830549219 754.2720420681452 500 500 434.2441830549219 754.2720420681452
h
0 0 628.7454406471336 1129.4880832415931 500 500 628.7454406471336 1129.4880832415931
h
0 0 828.9603630632754 1527.0561856222143 500 500 828.9603630632754 1527.0561856222143
h
0 0 1033.7105732284022 1942.8319076439818 500 500 1033.7105732284022 1942.8319076439818
h
0 0 1242.2376628991433 2374.0837094232666 500 500 1242.2376628991433 2374.0837094232666
h
0 0 1454.0099876910579 2818.8600590737965 500 500 1454.0099876910579 2818.8600590737965
h
0 0 1668.6329617912686 3275.6893660897613 500 500 1668.6329617912686 3275.6893660897613
h
0 0 1885.8014521089308 3743.418017659102 500 500 1885.8014521089308 3743.418017659102
h
0 0 109.33620739432779 73.93788183141571 500 500 109.33620739432779 73.93788183141571
h
0 0 408.61048911399905 247.5713500530704 500 500 408.61048911399905 247.5713500530704
h
0 0 754.2720420681452 434.2441830549219 500 500 754.2720420681452 434.2441830549219
h
0 0 1129.4880832415931 628.7454406471336 500 500 1129.4880832415931 628.7454406471336
h
0 0 1527.0561856222143 828.9603630632754 500 500 1527.0561856222143 828.9603630632754
h
0 0 1942.8319076439818 1033.7105732284022 500 500 1942.8319076439818 1033.7105732284022
h
0 0 2374.0837094232666 1242.2376628991433 500 500 2374.0837094232666 1242.2376628991433
h
0 0 2818.8600590737965 1454.0099876910579 500 500 2818.8600590737965 1454.0099876910579
h
0 0 3275.6893660897613 1668.6329617912686 500 500 3275.6893660897613 1668.6329617912686
h
0 0 3743.418017659102 1885.8014521089308 500 500 3743.418017659102 1885.8014521089308
z
90
a
h
0 0 73.93788183141571 109.33620739432779 500 500 73.93788183141571 109.33620739432779
h
0 0 247.5713500530704 408.61048911399905 500 500 247.5713500530704 408.61048911399905
h
0 0 434.2441830549219 754.2720420681452 500 500 434.2441830549219 754.2720420681452
h
0 0 628.7454406471336 1129.4880832415931 500 500 628.7454406471336 1129.4880832415931
h
0 0 828.9603630632754 1527.0561856222143 500 500 828.9603630632754 1527.0561856222143
h
0 0 1033.7105732284022 1942.8319076439818 500 500 1033.7105732284022 1942.8319076439818
h
0 0 1242.2376628991433 2374.0837094232666 500 500 1242.2376628991433 2374.0837094232666
h
0 0 1454.0099876910579 2818.8600590737965 500 500 1454.0099876910579 2818.8600590737965
h
0 0 1668.6329617912686 3275.6893660897613 500 500 1668.6329617912686 3275.6893660897613
h
0 0 1885.8014521089308 3743.418017659102 500 500 1885.8014521089308 3743.418017659102
h
0 0 109.33620739432779 73.93788183141571 500 500 109.33620739432779 73.93788183141571
h
0 0 408.61048911399905 247.5713500530704 500 500 408.61048911399905 247.5713500530704
h
0 0 754.2720420681452 434.2441830549219 500 500 754.2720420681452 434.2441830549219
h
0 0 1129.4880832415931 628.7454406471336 500 500 1129.4880832415931 628.7454406471336
h
0 0 1527.0561856222143 828.9603630632754 500 500 1527.0561856222143 828.9603630632754
h
0 0 1942.8319076439818 1033.7105732284022 500 500 1942.8319076439818 1033.7105732284022
h
0 0 2374.0837094232666 1242.2376628991433 500 500 2374.0837094232666 1242.2376628991433
h
0 0 2818.8600590737965 1454.0099876910579 500 500 2818.8600590737965 1454.0099876910579
h
0 0 3275.6893660897613 1668.6329617912686 500 500 3275.6893660897613 1668.6329617912686
h
0 0 3743.418017659102 1885.8014521089308 500 500 3743.418017659102 1885.8014521089308
z
90
a
h
0 0 73.93788183141571 109.33620739432779 500 500 73.93788183141571 109.33620739432779
h
0 0 247.5713500530704 408.61048911399905 500 500 247.5713500530704 408.61048911399905
h
0 0 434.2441830549219 754.2720420681452 500 500 434.2441830549219 754.2720420681452
h
0 0 628.7454406471336 1129.4880832415931 500 500 628.7454406471336 1129.4880832415931
h
0 0 828.9603630632754 1527.0561856222143 500 500 828.9603630632754 1527.0561856222143
h
0 0 1033.7105732284022 1942.8319076439818 500 500 1033.7105732284022 1942.8319076439818
h
0 0 1242.2376628991433 2374.0837094232666 500 500 1242.2376628991433 2374.0837094232666
h
0 0 1454.0099876910579 2818.8600590737965 500 500 1454.0099876910579 2818.8600590737965
h
0 0 1668.6329617912686 3275.6893660897613 500 500 1668.6329617912686 3275.6893660897613
h
0 0 1885.8014521089308 3743.418017659102 500 500 1885.8014521089308 3743.418017659102
h
0 0 109.33620739432779 73.93788183141571 500 500 109.33620739432779 73.93788183141571
h
0 0 408.61048911399905 247.5713500530704 500 500 408.61048911399905 247.5713500530704
h
0 0 754.2720420681452 434.2441830549219 500 500 754.2720420681452 434.2441830549219
h
0 0 1129.4880832415931 628.7454406471336 500 500 1129.4880832415931 628.7454406471336
h
0 0 1527.0561856222143 828.9603630632754 500 500 1527.0561856222143 828.9603630632754
h
0 0 1942.8319076439818 1033.7105732284022 500 500 1942.8319076439818 1033.7105732284022
h
0 0 2374.0837094232666 1242.2376628991433 500 500 2374.0837094232666 1242.2376628991433
h
0 0 2818.8600590737965 1454.0099876910579 500 500 2818.8600590737965 1454.0099876910579
h
0 0 3275.6893660897613 1668.6329617912686 500 500 3275.6893660897613 1668.6329617912686
h
0 0 3743.418017659102 1885.8014521089308 500 500 3743.418017659102 1885.8014521089308
z
90
a
h
0 0 73.93788183141571 109.33620739432779 500 500 73.93788183141571 109.33620739432779
h
0 0 247.5713500530704 408.61048911399905 500 500 247.5713500530704 408.61048911399905
h
0 0 434.2441830549219 754.2720420681452 500 500 434.2441830549219 754.2720420681452
h
0 0 628.7454406471336 1129.4880832415931 500 500 628.7454406471336 1129.4880832415931
h
0 0 828.9603630632754 1527.0561856222143 500 500 828.9603630632754 1527.0561856222143
h
0 0 1033.7105732284022 1942.8319076439818 500 500 1033.7105732284022 1942.8319076439818
h
0 0 1242.2376628991433 2374.0837094232666 500 500 1242.2376628991433 2374.0837094232666
h
0 0 1454.0099876910579 2818.8600590737965 500 500 1454.0099876910579 2818.8600590737965
h
0 0 1668.6329617912686 3275.6893660897613 500 500 1668.6329617912686 3275.6893660897613
h
0 0 1885.8014521089308 3743.418017659102 500 500 1885.8014521089308 3743.418017659102
h
0 0 109.33620739432779 73.93788183141571 500 500 109.33620739432779 73.93788183141571
h
0 0 408.61048911399905 247.5713500530704 500 500 408.61048911399905 247.5713500530704
h
0 0 754.2720420681452 434.2441830549219 500 500 754.2720420681452 434.2441830549219
h
0 0 1129.4880832415931 628.7454406471336 500 500 1129.4880832415931 628.7454406471336
h
0 0 1527.0561856222143 828.9603630632754 500 500 1527.0561856222143 828.9603630632754
h
0 0 1942.8319076439818 1033.7105732284022 500 500 1942.8319076439818 1033.7105732284022
h
0 0 2374.0837094232666 1242.2376628991433 500 500 2374.0837094232666 1242.2376628991433
h
0 0 2818.8600590737965 1454.0099876910579 500 500 2818.8600590737965 1454.0099876910579
h
0 0 3275.6893660897613 1668.6329617912686 500 500 3275.6893660897613 1668.6329617912686
h
0 0 3743.418017659102 1885.8014521089308 500 500 3743.418017659102 1885.8014521089308
z
90
a
t
250 250 0
s
.5 .5 0
a
c
15.848931924611133 250 10
c
36.4112840605216 250 20
c
59.23051457504459 250 30
c
83.65116420730185 250 40
c
109.33620739432779 250 50
c
136.07598931596323 250 60
c
163.7259986199614 250 70
c
192.17990943702895 250 80
c
221.35585372644266 250 90
c
251.18864315095797 250 100
c
281.62501132090017 250 110
c
312.62053016368213 250 120
c
344.1375184916982 250 130
c
376.14357056999296 250 140
c
408.61048911399905 250 150
c
441.51349166758865 250 160
c
474.8306074134282 250 170
c
508.5422100890579 250 180
c
542.630650368798 250 190
c
484.1510680753889 250 10
c
463.5887159394784 250 20
c
440.7694854249554 250 30
c
416.34883579269814 250 40
c
390.6637926056722 250 50
c
363.9240106840368 250 60
c
336.2740013800386 250 70
c
307.820090562971 250 80
c
278.64414627355734 250 90
c
248.81135684904203 250 100
c
218.37498867909983 250 110
c
187.37946983631787 250 120
c
155.8624815083018 250 130
c
123.85642943000704 250 140
c
91.38951088600095 250 150
c
58.48650833241135 250 160
c
25.169392586571803 250 170
c
-8.542210089057903 250 180
c
-42.630650368798 250 190
c
250 15.848931924611133 10
c
250 36.4112840605216 20
c
250 59.23051457504459 30
c
250 83.65116420730185 40
c
250 109.33620739432779 50
c
250 136.07598931596323 60
c
250 163.7259986199614 70
c
250 192.17990943702895 80
c
250 221.35585372644266 90
c
250 251.18864315095797 100
c
250 281.62501132090017 110
c
250 312.62053016368213 120
c
250 344.1375184916982 130
c
250 376.14357056999296 140
c
250 408.61048911399905 150
c
250 441.51349166758865 160
c
250 474.8306074134282 170
c
250 508.5422100890579 180
c
250 542.630650368798 190
c
250 484.1510680753889 10
c
250 463.5887159394784 20
c
250 440.7694854249554 30
c
250 416.34883579269814 40
c
250 390.6637926056722 50
c
250 363.9240106840368 60
c
250 336.2740013800386 70
c
250 307.820090562971 80
c
250 278.64414627355734 90
c
250 248.81135684904203 100
c
250 218.37498867909983 110
c
250 187.37946983631787 120
c
250 155.8624815083018 130
c
250 123.85642943000704 140
c
250 91.38951088600095 150
c
250 58.48650833241135 160
c
250 25.169392586571803 170
c
250 -8.542210089057903 180
c
250 -42.630650368798 190
g
awesome.png
q
